0.314389
0.308745
0.306251
0.304906
0.303978
0.303212
0.302515
0.301852
0.301209
0.300580
0.299964
0.299361
0.298771
0.298195
0.297633
0.297086
0.296554
0.296037
0.295536
0.295050
0.294578
0.294120
0.293676
0.293244
0.292825
0.292417
0.292020
0.291634
0.291258
0.290890
0.290532
0.290181
0.289839
0.289503
0.289175
0.288853
0.288538
0.288229
0.287925
0.287627
0.287334
0.287046
0.286763
0.286484
0.286210
0.285940
0.285674
0.285412
0.285154
0.284899
0.284647
0.284398
0.284152
0.283909
0.283668
0.283429
0.283192
0.282957
0.282724
0.282491
0.282260
0.282030
0.281800
0.281570
0.281340
0.281110
0.280879
0.280647
0.280414
0.280180
0.279944
0.279706
0.279465
0.279221
0.278975
0.278725
0.278471
0.278213
0.277951
0.277684
0.277411
0.277133
0.276849
0.276558
0.276260
0.275955
0.275642
0.275321
0.274991
0.274652
0.274304
0.273945
0.273575
0.273195
0.272802
0.272398
0.271981
0.271550
0.271106
0.270648
0.270175
0.269687
0.269183
0.268663
0.268126
0.267572
0.267001
0.266412
0.265805
0.265179
0.264534
0.263871
0.263188
0.262486
0.261764
0.261023
0.260263
0.259484
0.258685
0.257868
0.257033
0.256179
0.255308
0.254421
0.253516
0.252597
0.251662
0.250714
0.249752
0.248779
0.247794
0.246800
0.245796
0.244785
0.243767
0.242744
0.241716
0.240686
0.239654
0.238621
0.237588
0.236557
0.235529
0.234504
0.233484
0.232469
0.231461
0.230460
0.229468
0.228483
0.227509
0.226544
0.225589
0.224645
0.223712
0.222790
0.221880
0.220982
0.220096
0.219221
0.218358
0.217507
0.216668
0.215840
0.215024
0.214218
0.213424
0.212639
0.211865
0.211100
0.210345
0.209598
0.208860
0.208129
0.207405
0.206688
0.205977
0.205272
0.204571
0.203873
0.203179
0.202487
0.201797
0.201107
0.200417
0.199726
0.199032
0.198334
0.197631
0.196922
0.196205
0.195479
0.194742
0.193993
0.193228
0.192446
0.191645
0.190822
0.189975
0.189100
0.188193
0.187253
0.186274
0.185253
0.184186
0.183068
0.181895
0.180663
0.179366
0.178000
0.176561
0.175045
0.173448
0.171766
0.169998
0.168140
0.166191
0.164151
0.162019
0.159794
0.157479
0.155074
0.152580
0.150001
0.147338
0.144596
0.141778
0.138890
0.135936
0.132924
0.129860
0.126751
0.123607
0.120437
0.117249
0.114054
0.110860
0.107678
0.104517
0.101387
0.098295
0.095250
0.092259
0.089329
0.086466
0.083674
0.080957
0.078319
0.075762
0.073287
0.070897
0.068591
0.066368
0.064229
0.062171
0.060194
0.058296
0.056475
0.054728
0.053053
0.051447
0.049909
0.048435
0.047023
0.045670
0.044373
0.043131
0.041940
0.040799
0.039705
0.038656
0.037650
0.036684
0.035757
0.034867
0.034012
0.033191
0.032401
0.031642
0.030911
0.030208
0.029532
0.028880
0.028252
0.027646
0.027062
0.026499
0.025955
0.025431
0.024924
0.024434
0.023960
0.023502
0.023059
0.022631
0.022215
0.021814
0.021424
0.021047
0.020681
0.020326
0.019981
0.019647
0.019323
0.019008
0.018702
0.018404
0.018115
0.017834
0.017560
0.017294
0.017035
0.016783
0.016538
0.016298
0.016065
0.015838
0.015617
0.015401
0.015190
0.014985
0.014784
0.014589
0.014398
0.014211
0.014029
0.013851
0.013677
0.013507
0.013341
0.013178
0.013019
0.012863
0.012711
0.012562
0.012417
0.012274
0.012134
0.011997
0.011863
0.011732
0.011603
0.011477
0.011353
0.011232
0.011113
0.010997
0.010882
0.010770
0.010660
0.010552
0.010446
0.010342
0.010240
0.010139
0.010041
0.009944
0.009849
0.009755
0.009664
0.009573
0.009485
0.009398
0.009312
0.009228
0.009145
0.009063
0.008983
0.008904
0.008827
0.008750
0.008675
0.008601
0.008529
0.008457
0.008386
0.008317
0.008249
0.008181
0.008115
0.008050
0.007985
0.007922
0.007859
0.007798
0.007737
0.007677
0.007618
0.007560
0.007503
0.007447
0.007391
0.007336
0.007282
0.007228
0.007176
0.007124
0.007072
0.007022
0.006972
0.006923
0.006874
0.006826
0.006779
0.006732
0.006686
0.006640
0.006595
0.006551
0.006507
0.006464
0.006421
0.006379
0.006337
0.006296
0.006255
0.006215
0.006175
0.006136
0.006097
0.006059
0.006021
0.005983
0.005946
0.005910
0.005874
0.005838
0.005803
0.005768
0.005733
0.005699
0.005665
0.005632
0.005599
0.005566
0.005534
0.005502
0.005470
0.005439
0.005408
0.005377
0.005347
0.005317
0.005287
0.005258
0.005229
0.005200
0.005172
0.005144
0.005116
0.005088
0.005061
0.005034
0.005007
0.004981
0.004955
0.004929
0.004903
0.004877
0.004852
0.004827
0.004803
0.004778
0.004754
0.004730
0.004706
0.004682
0.004659
0.004636
0.004613
0.004590
0.004568
0.004546
0.004524
0.004502
0.004480
0.004459
0.004437
0.004416
0.004395
0.004375
0.004354
0.004334
0.004314
0.004294
0.004274
0.004254
0.004235
0.004215
0.004196
0.004177
0.004158
0.004140
0.004121
0.004103
0.004085
0.004067
0.004049
0.004031
0.004014
0.003996
0.003979
0.003962
0.003945
0.003928
0.003911
0.003894
0.003878
0.003862
0.003845
0.003829
0.003813
0.003798
0.003782
0.003766
0.003751
0.003736
0.003720
0.003705
0.003690
0.003675
0.003661
0.003646
0.003631
0.003617
0.003603
0.003588
0.003574
0.003560
0.003547
0.003533
0.003519
0.003505
0.003492
0.003479
0.003465
0.003452
0.003439
0.003426
0.003413
0.003400
0.003388
0.003375
0.003362
0.003350
0.003337
0.003325
0.003313
0.003301
0.003289
0.003277
0.003265
0.003253
0.003242
0.003230
0.003218
0.003207
0.003196
0.003184
0.003173
0.003162
0.003151
0.003140
0.003129
0.003118
0.003107
0.003096
0.003086
0.003075
0.003065
0.003054
0.003044
0.003034
0.003023
0.003013
0.003003
0.002993
0.002983
0.002973
0.002963
0.002953
0.002944
0.002934
0.002924
0.002915
0.002905
0.002896
0.002887
0.002877
0.002868
0.002859
0.002850
0.002841
0.002832
0.002823
0.002814
0.002805
0.002796
0.002787
0.002778
0.002770
0.002761
0.002753
0.002744
0.002736
0.002727
0.002719
0.002711
0.002702
0.002694
0.002686
0.002678
0.002670
0.002662
0.002654
0.002646
0.002638
0.002630
0.002622
0.002615
0.002607
0.002599
0.002592
0.002584
0.002576
0.002569
0.002561
0.002554
0.002547
0.002539
0.002532
0.002525
0.002518
0.002510
0.002503
0.002496
0.002489
0.002482
0.002475
0.002468
0.002461
0.002454
0.002448
0.002441
0.002434
0.002427
0.002421
0.002414
0.002407
0.002401
0.002394
0.002388
0.002381
0.002375
0.002368
0.002362
0.002356
0.002349
0.002343
0.002337
0.002331
0.002324
0.002318
0.002312
0.002306
0.002300
0.002294
0.002288
0.002282
0.002276
0.002270
0.002264
0.002258
0.002252
0.002247
0.002241
0.002235
0.002229
0.002224
0.002218
0.002212
0.002207
0.002201
0.002196
0.002190
0.002185
0.002179
0.002174
0.002168
0.002163
0.002158
0.002152
0.002147
0.002142
0.002136
0.002131
0.002126
0.002121
0.002116
0.002111
0.002105
0.002100
0.002095
0.002090
0.002085
0.002080
0.002075
0.002070
0.002065
0.002060
0.002056
0.002051
0.002046
0.002041
0.002036
0.002031
0.002027
0.002022
0.002017
0.002013
0.002008
0.002003
0.001999
0.001994
0.001989
0.001985
0.001980
0.001976
0.001971
0.001967
0.001962
0.001958
0.001953
0.001949
0.001945
0.001940
0.001936
0.001932
0.001927
0.001923
0.001919
0.001914
0.001910
0.001906
0.001902
0.001898
0.001893
0.001889
0.001885
0.001881
0.001877
0.001873
0.001869
0.001865
0.001861
0.001857
0.001853
0.001849
0.001845
0.001841
0.001837
0.001833
0.001829
0.001825
0.001821
0.001817
0.001814
0.001810
0.001806
0.001802
0.001798
0.001795
0.001791
0.001787
0.001783
0.001780
0.001776
0.001772
0.001769
0.001765
0.001761
0.001758
0.001754
0.001751
0.001747
0.001743
0.001740
0.001736
0.001733
0.001729
0.001726
0.001722
0.001719
0.001716
0.001712
0.001709
0.001705
0.001702
0.001698
0.001695
0.001692
0.001688
0.001685
0.001682
0.001678
0.001675
0.001672
0.001669
0.001665
0.001662
0.001659
0.001656
0.001652
0.001649
0.001646
0.001643
0.001640
0.001637
0.001633
0.001630
0.001627
0.001624
0.001621
0.001618
0.001615
0.001612
0.001609
0.001606
0.001603
0.001600
0.001597
0.001594
0.001591
0.001588
0.001585
0.001582
0.001579
0.001576
0.001573
0.001570
0.001567
0.001564
0.001562
0.001559
0.001556
0.001553
0.001550
0.001547
0.001544
0.001542
0.001539
0.001536
0.001533
0.001531
0.001528
0.001525
0.001522
0.001520
0.001517
0.001514
0.001511
0.001509
0.001506
0.001503
0.001501
0.001498
0.001495
0.001493
0.001490
0.001488
0.001485
0.001482
0.001480
0.001477
0.001475
0.001472
0.001469
0.001467
0.001464
0.001462
0.001459
0.001457
0.001454
0.001452
0.001449
0.001447
0.001444
0.001442
0.001439
0.001437
0.001435
0.001432
0.001430
0.001427
0.001425
0.001422
0.001420
0.001418
0.001415
0.001413
0.001411
0.001408
0.001406
0.001404
0.001401
0.001399
0.001397
0.001394
0.001392
0.001390
0.001387
0.001385
0.001383
0.001381
0.001378
0.001376
0.001374
0.001372
0.001369
0.001367
0.001365
0.001363
0.001361
0.001358
0.001356
0.001354
0.001352
0.001350
0.001347
0.001345
0.001343
0.001341
0.001339
0.001337
0.001335
0.001332
0.001330
0.001328
0.001326
0.001324
0.001322
0.001320
0.001318
0.001316
0.001314
0.001312
0.001310
0.001308
0.001306
0.001304
0.001302
0.001300
0.001298
0.001295
0.001294
0.001292
0.001290
0.001288
0.001286
0.001284
0.001282
0.001280
0.001278
0.001276
0.001274
0.001272
0.001270
0.001268
0.001266
0.001264
0.001262
0.001260
0.001259
0.001257
0.001255
0.001253
0.001251
0.001249
0.001247
0.001245
0.001244
0.001242
0.001240
0.001238
0.001236
0.001234
0.001233
0.001231
0.001229
0.001227
0.001225
0.001224
0.001222
0.001220
0.001218
0.001216
0.001215
0.001213
0.001211
0.001209
